{
    "form_0": {
        "rank": 2, 
        "num_coefficients": 1, 
        "has_cell_integrals": 1, 
        "has_exterior_facet_integrals": 1, 
        "has_interior_facet_integrals": 1, 
        "has_vertex_integrals": 0, 
        "max_cell_subdomain_id": 0, 
        "max_exterior_facet_subdomain_id": 0, 
        "max_interior_facet_subdomain_id": 0, 
        "max_vertex_subdomain_id": 0, 
        "finite_element_0": {
            "cell_shape": 1, 
            "space_dimension": 3, 
            "value_rank": 0, 
            "evaluate_basis:_0": [1.4718852622922429e+00], 
            "evaluate_basis:_1": [2.0266705413493233e+00], 
            "evaluate_basis:_2": [-2.4985557203629258e+00], 
            "evaluate_basis_all": [1.4718852622922429e+00, 2.0266705413493233e+00, -2.4985557203629258e+00, 0.0, 0.0, 0.0, 0.0, 0.0, 0.0, 0.0, 0.0, 0.0], 
            "evaluate_basis_derivatives_0_0": [1.4718852622922429e+00], 
            "evaluate_basis_derivatives_0_1": [8.5585277568607676e-02, -2.2787085025842555e+00], 
            "evaluate_basis_derivatives_0_2": [0.0, 0.0, 0.0, 0.0], 
            "evaluate_basis_derivatives_1_0": [2.0266705413493233e+00], 
            "evaluate_basis_derivatives_1_1": [-2.3642938479375970e+00, 4.4932274890774304e-01], 
            "evaluate_basis_derivatives_1_2": [0.0, 0.0, 0.0, 0.0], 
            "evaluate_basis_derivatives_2_0": [-2.4985557203629258e+00], 
            "evaluate_basis_derivatives_2_1": [2.2787085020077340e+00, 1.8293856987949413e+00], 
            "evaluate_basis_derivatives_2_2": [0.0, 0.0, 0.0, 0.0], 
            "evaluate_basis_derivatives_all_0": [1.4718852622922429e+00, 2.0266705413493233e+00, -2.4985557203629258e+00], 
            "evaluate_basis_derivatives_all_1": [8.5585277568607676e-02, -2.2787085025842555e+00, -2.3642938479375970e+00, 4.4932274890774304e-01, 2.2787085020077340e+00, 1.8293856987949413e+00], 
            "evaluate_basis_derivatives_all_2": [0.0, 0.0, 0.0, 0.0, 0.0, 0.0, 0.0, 0.0, 0.0, 0.0, 0.0, 0.0], 
            "evaluate_dof_0": 3.0792300000000006e-01, 
            "evaluate_dof_1": 4.3028700000000003e-01, 
            "evaluate_dof_2": 7.7282099999999998e-01, 
            "evaluate_dofs": [3.0792300000000006e-01, 4.3028700000000003e-01, 7.7282099999999998e-01], 
            "interpolate_vertex_values": [3.0792300000000006e-01, 4.3028700000000003e-01, 7.7282099999999998e-01], 
            "tabulate_dof_coordinates": [9.0300000000000002e-01, 3.4100000000000003e-01, 5.6100000000000005e-01, 7.6700000000000002e-01, 9.8699999999999999e-01, 7.8300000000000003e-01], 
            "num_sub_elements": 0, 
        },
        "finite_element_1": {
            "cell_shape": 1, 
            "space_dimension": 3, 
            "value_rank": 0, 
            "evaluate_basis:_0": [1.4718852622922429e+00], 
            "evaluate_basis:_1": [2.0266705413493233e+00], 
            "evaluate_basis:_2": [-2.4985557203629258e+00], 
            "evaluate_basis_all": [1.4718852622922429e+00, 2.0266705413493233e+00, -2.4985557203629258e+00, 0.0, 0.0, 0.0, 0.0, 0.0, 0.0, 0.0, 0.0, 0.0], 
            "evaluate_basis_derivatives_0_0": [1.4718852622922429e+00], 
            "evaluate_basis_derivatives_0_1": [8.5585277568607676e-02, -2.2787085025842555e+00], 
            "evaluate_basis_derivatives_0_2": [0.0, 0.0, 0.0, 0.0], 
            "evaluate_basis_derivatives_1_0": [2.0266705413493233e+00], 
            "evaluate_basis_derivatives_1_1": [-2.3642938479375970e+00, 4.4932274890774304e-01], 
            "evaluate_basis_derivatives_1_2": [0.0, 0.0, 0.0, 0.0], 
            "evaluate_basis_derivatives_2_0": [-2.4985557203629258e+00], 
            "evaluate_basis_derivatives_2_1": [2.2787085020077340e+00, 1.8293856987949413e+00], 
            "evaluate_basis_derivatives_2_2": [0.0, 0.0, 0.0, 0.0], 
            "evaluate_basis_derivatives_all_0": [1.4718852622922429e+00, 2.0266705413493233e+00, -2.4985557203629258e+00], 
            "evaluate_basis_derivatives_all_1": [8.5585277568607676e-02, -2.2787085025842555e+00, -2.3642938479375970e+00, 4.4932274890774304e-01, 2.2787085020077340e+00, 1.8293856987949413e+00], 
            "evaluate_basis_derivatives_all_2": [0.0, 0.0, 0.0, 0.0, 0.0, 0.0, 0.0, 0.0, 0.0, 0.0, 0.0, 0.0], 
            "evaluate_dof_0": 3.0792300000000006e-01, 
            "evaluate_dof_1": 4.3028700000000003e-01, 
            "evaluate_dof_2": 7.7282099999999998e-01, 
            "evaluate_dofs": [3.0792300000000006e-01, 4.3028700000000003e-01, 7.7282099999999998e-01], 
            "interpolate_vertex_values": [3.0792300000000006e-01, 4.3028700000000003e-01, 7.7282099999999998e-01], 
            "tabulate_dof_coordinates": [9.0300000000000002e-01, 3.4100000000000003e-01, 5.6100000000000005e-01, 7.6700000000000002e-01, 9.8699999999999999e-01, 7.8300000000000003e-01], 
            "num_sub_elements": 0, 
        },
        "finite_element_2": {
            "cell_shape": 1, 
            "space_dimension": 1, 
            "value_rank": 0, 
            "evaluate_basis:_0": [1.0000000000000000e+00], 
            "evaluate_basis_all": [1.0000000000000000e+00, 0.0, 0.0, 0.0], 
            "evaluate_basis_derivatives_0_0": [1.0000000000000000e+00], 
            "evaluate_basis_derivatives_0_1": [0.0, 0.0], 
            "evaluate_basis_derivatives_0_2": [0.0, 0.0, 0.0, 0.0], 
            "evaluate_basis_derivatives_all_0": [1.0000000000000000e+00], 
            "evaluate_basis_derivatives_all_1": [0.0, 0.0], 
            "evaluate_basis_derivatives_all_2": [0.0, 0.0, 0.0, 0.0], 
            "evaluate_dof_0": 5.1498232303368663e-01, 
            "evaluate_dofs": [5.1498232303368663e-01], 
            "interpolate_vertex_values": [5.1498232303368663e-01, 5.1498232303368663e-01, 5.1498232303368663e-01], 
            "tabulate_dof_coordinates": [8.1699999182999994e-01, 6.3033332703000000e-01], 
            "num_sub_elements": 0, 
        },
        "dofmap_0": {
            "needs_mesh_entities_0": 0, 
            "needs_mesh_entities_1": 0, 
            "needs_mesh_entities_2": 1, 
            "global_dimension": 30009, 
            "num_element_dofs": 3, 
            "num_facet_dofs": 0, 
            "num_entity_dofs_0": 0, 
            "num_entity_dofs_1": 0, 
            "num_entity_dofs_2": 3, 
            "tabulate_dofs": [0, 1, 2], 
            "tabulate_facet_dofs_0": [], 
            "tabulate_facet_dofs_1": [], 
            "tabulate_facet_dofs_2": [], 
            "tabulate_entity_dofs_0_0": [], 
            "tabulate_entity_dofs_0_1": [], 
            "tabulate_entity_dofs_0_2": [], 
            "tabulate_entity_dofs_1_0": [], 
            "tabulate_entity_dofs_1_1": [], 
            "tabulate_entity_dofs_1_2": [], 
            "tabulate_entity_dofs_2_0": [0, 1, 2], 
            "num_sub_dofmaps": 0, 
        },
        "dofmap_1": {
            "needs_mesh_entities_0": 0, 
            "needs_mesh_entities_1": 0, 
            "needs_mesh_entities_2": 1, 
            "global_dimension": 30009, 
            "num_element_dofs": 3, 
            "num_facet_dofs": 0, 
            "num_entity_dofs_0": 0, 
            "num_entity_dofs_1": 0, 
            "num_entity_dofs_2": 3, 
            "tabulate_dofs": [0, 1, 2], 
            "tabulate_facet_dofs_0": [], 
            "tabulate_facet_dofs_1": [], 
            "tabulate_facet_dofs_2": [], 
            "tabulate_entity_dofs_0_0": [], 
            "tabulate_entity_dofs_0_1": [], 
            "tabulate_entity_dofs_0_2": [], 
            "tabulate_entity_dofs_1_0": [], 
            "tabulate_entity_dofs_1_1": [], 
            "tabulate_entity_dofs_1_2": [], 
            "tabulate_entity_dofs_2_0": [0, 1, 2], 
            "num_sub_dofmaps": 0, 
        },
        "dofmap_2": {
            "needs_mesh_entities_0": 0, 
            "needs_mesh_entities_1": 0, 
            "needs_mesh_entities_2": 0, 
            "global_dimension": 1, 
            "num_element_dofs": 1, 
            "num_facet_dofs": 0, 
            "num_entity_dofs_0": 0, 
            "num_entity_dofs_1": 0, 
            "num_entity_dofs_2": 1, 
            "tabulate_dofs": [0], 
            "tabulate_facet_dofs_0": [], 
            "tabulate_facet_dofs_1": [], 
            "tabulate_facet_dofs_2": [], 
            "tabulate_entity_dofs_0_0": [], 
            "tabulate_entity_dofs_0_1": [], 
            "tabulate_entity_dofs_0_2": [], 
            "tabulate_entity_dofs_1_0": [], 
            "tabulate_entity_dofs_1_1": [], 
            "tabulate_entity_dofs_1_2": [], 
            "tabulate_entity_dofs_2_0": [0], 
            "num_sub_dofmaps": 0, 
        },
        "default_cell_integral": 1, 
        "cell_integral": {
            "tabulate_tensor": [4.8604959667929037e-01, -1.1462010826539998e-01, -3.7142948841389040e-01, -1.1462010826539998e-01, 5.4138049083167528e-01, -4.2676038256627530e-01, -3.7142948841389040e-01, -4.2676038256627530e-01, 7.9818987098016569e-01], 
        },
        "default_exterior_facet_integral": 1, 
        "exterior_facet_integral": {
            "tabulate_tensor_0": [0.0, 4.8604959667929037e-01, 4.8604959667929037e-01, 4.8604959667929037e-01, 1.1138769388825688e+01, 5.1979553417065478e+00, 4.8604959667929037e-01, 5.1979553417065478e+00, 1.0625150628528708e+01], 
            "tabulate_tensor_1": [1.1768389083459395e+01, 5.4138049083167528e-01, 5.4574343023872096e+00, 5.4138049083167528e-01, 0.0, 5.4138049083167528e-01, 5.4574343023872096e+00, 5.4138049083167528e-01, 1.1144108534857644e+01], 
            "tabulate_tensor_2": [1.3825050846549489e+01, 6.4857652146154292e+00, 7.9818987098016569e-01, 6.4857652146154301e+00, 1.3714389058244722e+01, 7.9818987098016569e-01, 7.9818987098016569e-01, 7.9818987098016569e-01, 0.0], 
        },
        "default_interior_facet_integral": 1, 
        "interior_facet_integral": {
            "tabulate_tensor_0_0": [0.0, 2.4302479833964519e-01, 2.4302479833964519e-01, 0.0, -2.4302479833964519e-01, -2.4302479833964519e-01, 2.4302479833964519e-01, 3.6747164268534300e+00, 1.6516435144556341e+00, -2.4302479833964513e-01, -3.5463117367791841e+00, -1.7800482045298791e+00, 2.4302479833964519e-01, 1.6516435144556341e+00, 3.4179070467049395e+00, -2.4302479833964513e-01, -1.5232388243813888e+00, -3.5463117367791841e+00, 0.0, -2.4302479833964513e-01, -2.4302479833964513e-01, 0.0, 2.4302479833964513e-01, 2.4302479833964513e-01, -2.4302479833964519e-01, -3.5463117367791845e+00, -1.5232388243813888e+00, 2.4302479833964513e-01, 3.4179070467049386e+00, 1.6516435144556341e+00, -2.4302479833964519e-01, -1.7800482045298791e+00, -3.5463117367791845e+00, 2.4302479833964513e-01, 1.6516435144556341e+00, 3.6747164268534291e+00], 
            "tabulate_tensor_0_1": [0.0, 2.4302479833964519e-01, 2.4302479833964519e-01, -2.4302479833964519e-01, 0.0, -2.4302479833964519e-01, 2.4302479833964519e-01, 3.6747164268534300e+00, 1.6516435144556341e+00, -3.5463117367791841e+00, -2.4302479833964519e-01, -1.7800482045298791e+00, 2.4302479833964519e-01, 1.6516435144556341e+00, 3.4179070467049395e+00, -1.5232388243813888e+00, -2.4302479833964519e-01, -3.5463117367791841e+00, -2.4302479833964519e-01, -3.5463117367791845e+00, -1.5232388243813888e+00, 3.4179070467049386e+00, 2.4302479833964519e-01, 1.6516435144556341e+00, 0.0, -2.4302479833964519e-01, -2.4302479833964519e-01, 2.4302479833964519e-01, 0.0, 2.4302479833964519e-01, -2.4302479833964519e-01, -1.7800482045298791e+00, -3.5463117367791845e+00, 1.6516435144556341e+00, 2.4302479833964519e-01, 3.6747164268534291e+00], 
            "tabulate_tensor_0_2": [0.0, 2.4302479833964519e-01, 2.4302479833964519e-01, -2.4302479833964519e-01, -2.4302479833964519e-01, 0.0, 2.4302479833964519e-01, 3.6747164268534300e+00, 1.6516435144556341e+00, -3.5463117367791841e+00, -1.7800482045298791e+00, -2.4302479833964519e-01, 2.4302479833964519e-01, 1.6516435144556341e+00, 3.4179070467049395e+00, -1.5232388243813888e+00, -3.5463117367791841e+00, -2.4302479833964519e-01, -2.4302479833964519e-01, -3.5463117367791845e+00, -1.5232388243813888e+00, 3.4179070467049386e+00, 1.6516435144556341e+00, 2.4302479833964519e-01, -2.4302479833964519e-01, -1.7800482045298791e+00, -3.5463117367791845e+00, 1.6516435144556341e+00, 3.6747164268534291e+00, 2.4302479833964519e-01, 0.0, -2.4302479833964519e-01, -2.4302479833964519e-01, 2.4302479833964519e-01, 2.4302479833964519e-01, 0.0], 
            "tabulate_tensor_1_0": [3.8845896583979989e+00, 2.7069024541583764e-01, 1.7289146856571245e+00, -2.7069024541583753e-01, -3.7285195212475610e+00, -1.8849848228075619e+00, 2.7069024541583764e-01, 0.0, 2.7069024541583764e-01, 0.0, -2.7069024541583764e-01, -2.7069024541583764e-01, 1.7289146856571245e+00, 2.7069024541583764e-01, 3.5724493840971236e+00, -2.7069024541583753e-01, -1.5728445485066866e+00, -3.7285195212475610e+00, -2.7069024541583753e-01, 0.0, -2.7069024541583753e-01, 0.0, 2.7069024541583753e-01, 2.7069024541583753e-01, -3.7285195212475610e+00, -2.7069024541583764e-01, -1.5728445485066866e+00, 2.7069024541583753e-01, 3.5724493840971236e+00, 1.7289146856571245e+00, -1.8849848228075619e+00, -2.7069024541583764e-01, -3.7285195212475610e+00, 2.7069024541583753e-01, 1.7289146856571245e+00, 3.8845896583979989e+00], 
            "tabulate_tensor_1_1": [3.8845896583979989e+00, 2.7069024541583764e-01, 1.7289146856571245e+00, -3.7285195212475610e+00, -2.7069024541583747e-01, -1.8849848228075619e+00, 2.7069024541583764e-01, 0.0, 2.7069024541583764e-01, -2.7069024541583764e-01, 0.0, -2.7069024541583764e-01, 1.7289146856571245e+00, 2.7069024541583764e-01, 3.5724493840971236e+00, -1.5728445485066866e+00, -2.7069024541583747e-01, -3.7285195212475610e+00, -3.7285195212475610e+00, -2.7069024541583764e-01, -1.5728445485066866e+00, 3.5724493840971236e+00, 2.7069024541583747e-01, 1.7289146856571245e+00, -2.7069024541583747e-01, 0.0, -2.7069024541583747e-01, 2.7069024541583747e-01, 0.0, 2.7069024541583747e-01, -1.8849848228075619e+00, -2.7069024541583764e-01, -3.7285195212475610e+00, 1.7289146856571245e+00, 2.7069024541583747e-01, 3.8845896583979989e+00], 
            "tabulate_tensor_1_2": [3.8845896583979989e+00, 2.7069024541583764e-01, 1.7289146856571245e+00, -3.7285195212475610e+00, -1.8849848228075619e+00, -2.7069024541583747e-01, 2.7069024541583764e-01, 0.0, 2.7069024541583764e-01, -2.7069024541583764e-01, -2.7069024541583764e-01, 0.0, 1.7289146856571245e+00, 2.7069024541583764e-01, 3.5724493840971236e+00, -1.5728445485066866e+00, -3.7285195212475610e+00, -2.7069024541583747e-01, -3.7285195212475610e+00, -2.7069024541583764e-01, -1.5728445485066866e+00, 3.5724493840971236e+00, 1.7289146856571245e+00, 2.7069024541583747e-01, -1.8849848228075619e+00, -2.7069024541583764e-01, -3.7285195212475610e+00, 1.7289146856571245e+00, 3.8845896583979989e+00, 2.7069024541583747e-01, -2.7069024541583747e-01, 0.0, -2.7069024541583747e-01, 2.7069024541583747e-01, 2.7069024541583747e-01, 0.0], 
            "tabulate_tensor_2_0": [4.4845404527118689e+00, 2.0288900930417828e+00, 3.9909493549008285e-01, -3.9909493549008279e-01, -4.4568750056356761e+00, -2.0565555401179751e+00, 2.0288900930417828e+00, 4.4292095585594833e+00, 3.9909493549008285e-01, -3.9909493549008279e-01, -2.0012246459655905e+00, -4.4568750056356761e+00, 3.9909493549008285e-01, 3.9909493549008285e-01, 0.0, 0.0, -3.9909493549008285e-01, -3.9909493549008285e-01, -3.9909493549008279e-01, -3.9909493549008279e-01, 0.0, 0.0, 3.9909493549008279e-01, 3.9909493549008279e-01, -4.4568750056356761e+00, -2.0012246459655905e+00, -3.9909493549008285e-01, 3.9909493549008279e-01, 4.4292095585594842e+00, 2.0288900930417828e+00, -2.0565555401179751e+00, -4.4568750056356761e+00, -3.9909493549008285e-01, 3.9909493549008279e-01, 2.0288900930417828e+00, 4.4845404527118680e+00], 
            "tabulate_tensor_2_1": [4.4845404527118689e+00, 2.0288900930417828e+00, 3.9909493549008285e-01, -4.4568750056356761e+00, -3.9909493549008279e-01, -2.0565555401179751e+00, 2.0288900930417828e+00, 4.4292095585594833e+00, 3.9909493549008285e-01, -2.0012246459655905e+00, -3.9909493549008279e-01, -4.4568750056356761e+00, 3.9909493549008285e-01, 3.9909493549008285e-01, 0.0, -3.9909493549008285e-01, 0.0, -3.9909493549008285e-01, -4.4568750056356761e+00, -2.0012246459655905e+00, -3.9909493549008285e-01, 4.4292095585594842e+00, 3.9909493549008279e-01, 2.0288900930417828e+00, -3.9909493549008279e-01, -3.9909493549008279e-01, 0.0, 3.9909493549008279e-01, 0.0, 3.9909493549008279e-01, -2.0565555401179751e+00, -4.4568750056356761e+00, -3.9909493549008285e-01, 2.0288900930417828e+00, 3.9909493549008279e-01, 4.4845404527118680e+00], 
            "tabulate_tensor_2_2": [4.4845404527118689e+00, 2.0288900930417828e+00, 3.9909493549008285e-01, -4.4568750056356761e+00, -2.0565555401179751e+00, -3.9909493549008279e-01, 2.0288900930417828e+00, 4.4292095585594833e+00, 3.9909493549008285e-01, -2.0012246459655905e+00, -4.4568750056356761e+00, -3.9909493549008279e-01, 3.9909493549008285e-01, 3.9909493549008285e-01, 0.0, -3.9909493549008285e-01, -3.9909493549008285e-01, 0.0, -4.4568750056356761e+00, -2.0012246459655905e+00, -3.9909493549008285e-01, 4.4292095585594842e+00, 2.0288900930417828e+00, 3.9909493549008279e-01, -2.0565555401179751e+00, -4.4568750056356761e+00, -3.9909493549008285e-01, 2.0288900930417828e+00, 4.4845404527118680e+00, 3.9909493549008279e-01, -3.9909493549008279e-01, -3.9909493549008279e-01, 0.0, 3.9909493549008279e-01, 3.9909493549008279e-01, 0.0], 
        },
        "default_vertex_integral": 0, 
    },
    "form_1": {
        "rank": 1, 
        "num_coefficients": 2, 
        "has_cell_integrals": 1, 
        "has_exterior_facet_integrals": 1, 
        "has_interior_facet_integrals": 0, 
        "has_vertex_integrals": 0, 
        "max_cell_subdomain_id": 0, 
        "max_exterior_facet_subdomain_id": 0, 
        "max_interior_facet_subdomain_id": 0, 
        "max_vertex_subdomain_id": 0, 
        "finite_element_0": {
            "cell_shape": 1, 
            "space_dimension": 3, 
            "value_rank": 0, 
            "evaluate_basis:_0": [1.4718852622922429e+00], 
            "evaluate_basis:_1": [2.0266705413493233e+00], 
            "evaluate_basis:_2": [-2.4985557203629258e+00], 
            "evaluate_basis_all": [1.4718852622922429e+00, 2.0266705413493233e+00, -2.4985557203629258e+00, 0.0, 0.0, 0.0, 0.0, 0.0, 0.0, 0.0, 0.0, 0.0], 
            "evaluate_basis_derivatives_0_0": [1.4718852622922429e+00], 
            "evaluate_basis_derivatives_0_1": [8.5585277568607676e-02, -2.2787085025842555e+00], 
            "evaluate_basis_derivatives_0_2": [0.0, 0.0, 0.0, 0.0], 
            "evaluate_basis_derivatives_1_0": [2.0266705413493233e+00], 
            "evaluate_basis_derivatives_1_1": [-2.3642938479375970e+00, 4.4932274890774304e-01], 
            "evaluate_basis_derivatives_1_2": [0.0, 0.0, 0.0, 0.0], 
            "evaluate_basis_derivatives_2_0": [-2.4985557203629258e+00], 
            "evaluate_basis_derivatives_2_1": [2.2787085020077340e+00, 1.8293856987949413e+00], 
            "evaluate_basis_derivatives_2_2": [0.0, 0.0, 0.0, 0.0], 
            "evaluate_basis_derivatives_all_0": [1.4718852622922429e+00, 2.0266705413493233e+00, -2.4985557203629258e+00], 
            "evaluate_basis_derivatives_all_1": [8.5585277568607676e-02, -2.2787085025842555e+00, -2.3642938479375970e+00, 4.4932274890774304e-01, 2.2787085020077340e+00, 1.8293856987949413e+00], 
            "evaluate_basis_derivatives_all_2": [0.0, 0.0, 0.0, 0.0, 0.0, 0.0, 0.0, 0.0, 0.0, 0.0, 0.0, 0.0], 
            "evaluate_dof_0": 3.0792300000000006e-01, 
            "evaluate_dof_1": 4.3028700000000003e-01, 
            "evaluate_dof_2": 7.7282099999999998e-01, 
            "evaluate_dofs": [3.0792300000000006e-01, 4.3028700000000003e-01, 7.7282099999999998e-01], 
            "interpolate_vertex_values": [3.0792300000000006e-01, 4.3028700000000003e-01, 7.7282099999999998e-01], 
            "tabulate_dof_coordinates": [9.0300000000000002e-01, 3.4100000000000003e-01, 5.6100000000000005e-01, 7.6700000000000002e-01, 9.8699999999999999e-01, 7.8300000000000003e-01], 
            "num_sub_elements": 0, 
        },
        "finite_element_1": {
            "cell_shape": 1, 
            "space_dimension": 3, 
            "value_rank": 0, 
            "evaluate_basis:_0": [1.4718852622922429e+00], 
            "evaluate_basis:_1": [2.0266705413493233e+00], 
            "evaluate_basis:_2": [-2.4985557203629258e+00], 
            "evaluate_basis_all": [1.4718852622922429e+00, 2.0266705413493233e+00, -2.4985557203629258e+00, 0.0, 0.0, 0.0, 0.0, 0.0, 0.0, 0.0, 0.0, 0.0], 
            "evaluate_basis_derivatives_0_0": [1.4718852622922429e+00], 
            "evaluate_basis_derivatives_0_1": [8.5585277568607676e-02, -2.2787085025842555e+00], 
            "evaluate_basis_derivatives_0_2": [0.0, 0.0, 0.0, 0.0], 
            "evaluate_basis_derivatives_1_0": [2.0266705413493233e+00], 
            "evaluate_basis_derivatives_1_1": [-2.3642938479375970e+00, 4.4932274890774304e-01], 
            "evaluate_basis_derivatives_1_2": [0.0, 0.0, 0.0, 0.0], 
            "evaluate_basis_derivatives_2_0": [-2.4985557203629258e+00], 
            "evaluate_basis_derivatives_2_1": [2.2787085020077340e+00, 1.8293856987949413e+00], 
            "evaluate_basis_derivatives_2_2": [0.0, 0.0, 0.0, 0.0], 
            "evaluate_basis_derivatives_all_0": [1.4718852622922429e+00, 2.0266705413493233e+00, -2.4985557203629258e+00], 
            "evaluate_basis_derivatives_all_1": [8.5585277568607676e-02, -2.2787085025842555e+00, -2.3642938479375970e+00, 4.4932274890774304e-01, 2.2787085020077340e+00, 1.8293856987949413e+00], 
            "evaluate_basis_derivatives_all_2": [0.0, 0.0, 0.0, 0.0, 0.0, 0.0, 0.0, 0.0, 0.0, 0.0, 0.0, 0.0], 
            "evaluate_dof_0": 3.0792300000000006e-01, 
            "evaluate_dof_1": 4.3028700000000003e-01, 
            "evaluate_dof_2": 7.7282099999999998e-01, 
            "evaluate_dofs": [3.0792300000000006e-01, 4.3028700000000003e-01, 7.7282099999999998e-01], 
            "interpolate_vertex_values": [3.0792300000000006e-01, 4.3028700000000003e-01, 7.7282099999999998e-01], 
            "tabulate_dof_coordinates": [9.0300000000000002e-01, 3.4100000000000003e-01, 5.6100000000000005e-01, 7.6700000000000002e-01, 9.8699999999999999e-01, 7.8300000000000003e-01], 
            "num_sub_elements": 0, 
        },
        "finite_element_2": {
            "cell_shape": 1, 
            "space_dimension": 3, 
            "value_rank": 0, 
            "evaluate_basis:_0": [1.4718852622922429e+00], 
            "evaluate_basis:_1": [2.0266705413493233e+00], 
            "evaluate_basis:_2": [-2.4985557203629258e+00], 
            "evaluate_basis_all": [1.4718852622922429e+00, 2.0266705413493233e+00, -2.4985557203629258e+00, 0.0, 0.0, 0.0, 0.0, 0.0, 0.0, 0.0, 0.0, 0.0], 
            "evaluate_basis_derivatives_0_0": [1.4718852622922429e+00], 
            "evaluate_basis_derivatives_0_1": [8.5585277568607676e-02, -2.2787085025842555e+00], 
            "evaluate_basis_derivatives_0_2": [0.0, 0.0, 0.0, 0.0], 
            "evaluate_basis_derivatives_1_0": [2.0266705413493233e+00], 
            "evaluate_basis_derivatives_1_1": [-2.3642938479375970e+00, 4.4932274890774304e-01], 
            "evaluate_basis_derivatives_1_2": [0.0, 0.0, 0.0, 0.0], 
            "evaluate_basis_derivatives_2_0": [-2.4985557203629258e+00], 
            "evaluate_basis_derivatives_2_1": [2.2787085020077340e+00, 1.8293856987949413e+00], 
            "evaluate_basis_derivatives_2_2": [0.0, 0.0, 0.0, 0.0], 
            "evaluate_basis_derivatives_all_0": [1.4718852622922429e+00, 2.0266705413493233e+00, -2.4985557203629258e+00], 
            "evaluate_basis_derivatives_all_1": [8.5585277568607676e-02, -2.2787085025842555e+00, -2.3642938479375970e+00, 4.4932274890774304e-01, 2.2787085020077340e+00, 1.8293856987949413e+00], 
            "evaluate_basis_derivatives_all_2": [0.0, 0.0, 0.0, 0.0, 0.0, 0.0, 0.0, 0.0, 0.0, 0.0, 0.0, 0.0], 
            "evaluate_dof_0": 3.0792300000000006e-01, 
            "evaluate_dof_1": 4.3028700000000003e-01, 
            "evaluate_dof_2": 7.7282099999999998e-01, 
            "evaluate_dofs": [3.0792300000000006e-01, 4.3028700000000003e-01, 7.7282099999999998e-01], 
            "interpolate_vertex_values": [3.0792300000000006e-01, 4.3028700000000003e-01, 7.7282099999999998e-01], 
            "tabulate_dof_coordinates": [9.0300000000000002e-01, 3.4100000000000003e-01, 5.6100000000000005e-01, 7.6700000000000002e-01, 9.8699999999999999e-01, 7.8300000000000003e-01], 
            "num_sub_elements": 0, 
        },
        "dofmap_0": {
            "needs_mesh_entities_0": 0, 
            "needs_mesh_entities_1": 0, 
            "needs_mesh_entities_2": 1, 
            "global_dimension": 30009, 
            "num_element_dofs": 3, 
            "num_facet_dofs": 0, 
            "num_entity_dofs_0": 0, 
            "num_entity_dofs_1": 0, 
            "num_entity_dofs_2": 3, 
            "tabulate_dofs": [0, 1, 2], 
            "tabulate_facet_dofs_0": [], 
            "tabulate_facet_dofs_1": [], 
            "tabulate_facet_dofs_2": [], 
            "tabulate_entity_dofs_0_0": [], 
            "tabulate_entity_dofs_0_1": [], 
            "tabulate_entity_dofs_0_2": [], 
            "tabulate_entity_dofs_1_0": [], 
            "tabulate_entity_dofs_1_1": [], 
            "tabulate_entity_dofs_1_2": [], 
            "tabulate_entity_dofs_2_0": [0, 1, 2], 
            "num_sub_dofmaps": 0, 
        },
        "dofmap_1": {
            "needs_mesh_entities_0": 0, 
            "needs_mesh_entities_1": 0, 
            "needs_mesh_entities_2": 1, 
            "global_dimension": 30009, 
            "num_element_dofs": 3, 
            "num_facet_dofs": 0, 
            "num_entity_dofs_0": 0, 
            "num_entity_dofs_1": 0, 
            "num_entity_dofs_2": 3, 
            "tabulate_dofs": [0, 1, 2], 
            "tabulate_facet_dofs_0": [], 
            "tabulate_facet_dofs_1": [], 
            "tabulate_facet_dofs_2": [], 
            "tabulate_entity_dofs_0_0": [], 
            "tabulate_entity_dofs_0_1": [], 
            "tabulate_entity_dofs_0_2": [], 
            "tabulate_entity_dofs_1_0": [], 
            "tabulate_entity_dofs_1_1": [], 
            "tabulate_entity_dofs_1_2": [], 
            "tabulate_entity_dofs_2_0": [0, 1, 2], 
            "num_sub_dofmaps": 0, 
        },
        "dofmap_2": {
            "needs_mesh_entities_0": 0, 
            "needs_mesh_entities_1": 0, 
            "needs_mesh_entities_2": 1, 
            "global_dimension": 30009, 
            "num_element_dofs": 3, 
            "num_facet_dofs": 0, 
            "num_entity_dofs_0": 0, 
            "num_entity_dofs_1": 0, 
            "num_entity_dofs_2": 3, 
            "tabulate_dofs": [0, 1, 2], 
            "tabulate_facet_dofs_0": [], 
            "tabulate_facet_dofs_1": [], 
            "tabulate_facet_dofs_2": [], 
            "tabulate_entity_dofs_0_0": [], 
            "tabulate_entity_dofs_0_1": [], 
            "tabulate_entity_dofs_0_2": [], 
            "tabulate_entity_dofs_1_0": [], 
            "tabulate_entity_dofs_1_1": [], 
            "tabulate_entity_dofs_1_2": [], 
            "tabulate_entity_dofs_2_0": [0, 1, 2], 
            "num_sub_dofmaps": 0, 
        },
        "default_cell_integral": 1, 
        "cell_integral": {
            "tabulate_tensor": [5.4526500249263993e-03, 6.2316000124631992e-03, 7.0105499999999991e-03], 
        },
        "default_exterior_facet_integral": 1, 
        "exterior_facet_integral": {
            "tabulate_tensor_0": [0.0, 9.9470085122697158e-02, 1.1368009667408194e-01], 
            "tabulate_tensor_1": [7.4985184321585990e-02, 0.0, 1.0497925661050486e-01], 
            "tabulate_tensor_2": [7.2839550060774000e-02, 9.1049436756522550e-02, 0.0], 
        },
        "default_interior_facet_integral": 0, 
        "default_vertex_integral": 0, 
    },
}
